0101 0011 0100 0101 0100 1110 0100 0100 0010 0000 0100 1000 0100 0101 0100 1100 0101 0000 0010 0000 0101 0111 0100 0101 0010 0000 0100 0001 0101 0010 0100 0101 0010 0000 0100 0100 0101 1001 0100 1001 0100 1110 0100 0111 0010 0000 0100 1101 0100 0001 0101 1001 0010 0000 0100 0111 0100 1111 0100 0100 0010 0000 0101 0010 0100 0101 0100 1100 0100 1001 0100 1110 0101 0001 0101 0101 0100 1001 0101 0011 0100 1000 0010 0000 0100 0001 0101 0000 0100 1111 0100 1110 0010 0000 0101 0100 0100 1000 0100 1111 0101 0101 0010 0000 0100 0001 0010 0000 0101 0010 0100 0101 0100 0011 0100 1111 0101 0110 0100 0101 0101 0010 0101 1001 0010 0000 0101 0111 0100 1001 0101 0100 0100 1000 0010 0000 0100 0111 0100 1111 0100 0100 0101 0011 0101 0000 0100 0101 0100 0101 0100 0100 0010 0000 0100 0010 0100 0101 0100 1000 0100 1001 0100 1110 0100 0100 0010 0000 0100 1001 0101 0100

SEND HELP WE ARE DYING MAY GOD RELINQUISH APON THOU A RECOVERY WITH GODSPEED BEHIND IT

0100 0110 0100 1001 0100 1110 0100 0011 0100 1000 0100 0001 0101 0100
FINCHAT

01010000 01001100 01000101 01000001 01010011 01000101 00100000 01010011 01000101 01001110 01000100 00100000 01010010 01000101 01001001 01001110 01000110 01001111 01010010 01000011 01000101 01001101 01000101 01001110 01010100 01010011 01010100 01001000 01000101 00100000 01001100 01001001 01000111 01001000 01010100 00100000 01001001 01010011 00100000 01001100 01001111 01010111 01001000 01000101 01001100 01010000

PLEASE SEND REINFORCEMENTSTHE LIGHT IS LOWHELP

0100 1001 0100 1101 0010 0000 0100 1110 0100 1111 0101 0100 0010 0000 0100 0100 0100 1111 0100 1001 0100 1110 0100 0111 0010 0000 0101 0100 0100 1000 0100 0001 0101 0100

IM NOT DOING THAT

0100 0101 0101 0000 0100 1001 0100 0011 0010 0000 0101 0111 0100 1001 0100 1110
EPIC WIN

0100 1001 0010 0000 0100 1000 0100 0001 0101 0100 0100 0101 0010 0000 0100 1101 0100 1111 0100 1110 0100 0100 0100 0001 0101 1001

I HATE MONDAY

0101 0100 0100 1000 0100 0101 0010 0000 0101 0011 0100 1001 0101 1000 0101 0100 0100 0101 0100 1111 0010 0000 0100 0100 0100 1001 0100 0111 0100 1001 0101 0100 0100 1111 0101 0101 0100 1101 0100 0010 0100 0101 0101 0010 0010 0000 0101 0011 0101 1001 0101 0011 0101 0100 0100 0101 0100 1101 0010 0000 0100 1000 0100 0001 0101 0100 0100 0101 0101 0011 0010 0000 0100 1101 0100 0101 0100 1001 0010 0000 0100 1101 0101 0101 0101 0011 0101 0100 0010 0000 0100 0010 0100 0101 0010 0000 0100 1000 0100 0101 0101 1000 0100 0101 0100 0100

THE SIXTEO DIGITOUMBER SYSTEM HATES MEI MUST BE HEXED